"mz","rt","sample_name","day","organ","feed","into_norm","metabolite","ion"
272.1,299,"mca_1_l_d2o",5,"l","d2o",3722532.52232143,"norcoclaurine","M0"
272.1,299,"mca_1_l_h2o",5,"l","h2o",7636834.79628698,"norcoclaurine","M0"
272.1,299,"mca_1_p_d2o",5,"p","d2o",245280.818361699,"norcoclaurine","M0"
272.1,299,"mca_1_p_h2o",5,"p","h2o",1022122.82579537,"norcoclaurine","M0"
272.1,299,"mca_12_l_d2o",0,"l","d2o",201917.124227932,"norcoclaurine","M0"
272.1,299,"mca_12_l_h2o",0,"l","h2o",263978.439835328,"norcoclaurine","M0"
272.1,299,"mca_12_p_d2o",0,"p","d2o",255103.553979845,"norcoclaurine","M0"
272.1,299,"mca_12_p_h2o",0,"p","h2o",519573.604768239,"norcoclaurine","M0"
272.1,299,"mca_13_l_d2o",15,"l","d2o",6012648.50213015,"norcoclaurine","M0"
272.1,299,"mca_13_l_h2o",15,"l","h2o",1031011.09178442,"norcoclaurine","M0"
272.1,299,"mca_13_p_d2o",15,"p","d2o",145814.640779044,"norcoclaurine","M0"
272.1,299,"mca_13_p_h2o",15,"p","h2o",1021942.70095903,"norcoclaurine","M0"
272.1,299,"mca_3_l_d2o",10,"l","d2o",2331254.29438089,"norcoclaurine","M0"
272.1,299,"mca_3_l_h2o",10,"l","h2o",10191779.6858842,"norcoclaurine","M0"
272.1,299,"mca_3_p_d2o",10,"p","d2o",18074.8171068491,"norcoclaurine","M0"
272.1,299,"mca_3_p_h2o",10,"p","h2o",3752961.00567993,"norcoclaurine","M0"
286.1,622,"mca_1_l_d2o",5,"l","d2o",21240257.1016485,"coclaurine","M0"
286.1,622,"mca_1_l_h2o",5,"l","h2o",50312576.9359685,"coclaurine","M0"
286.1,622,"mca_1_p_d2o",5,"p","d2o",372178.557252158,"coclaurine","M0"
286.1,622,"mca_1_p_h2o",5,"p","h2o",7713410.03722139,"coclaurine","M0"
286.1,622,"mca_12_l_d2o",0,"l","d2o",738337.763788733,"coclaurine","M0"
286.1,622,"mca_12_l_h2o",0,"l","h2o",539730.464067164,"coclaurine","M0"
286.1,622,"mca_12_p_d2o",0,"p","d2o",1435218.13288042,"coclaurine","M0"
286.1,622,"mca_12_p_h2o",0,"p","h2o",2884975.15392838,"coclaurine","M0"
286.1,622,"mca_13_l_d2o",15,"l","d2o",10989370.0526838,"coclaurine","M0"
286.1,622,"mca_13_l_h2o",15,"l","h2o",6033954.31713019,"coclaurine","M0"
286.1,622,"mca_13_p_d2o",15,"p","d2o",365841.643198799,"coclaurine","M0"
286.1,622,"mca_13_p_h2o",15,"p","h2o",18123263.5144692,"coclaurine","M0"
286.1,622,"mca_3_l_d2o",10,"l","d2o",14854834.3071146,"coclaurine","M0"
286.1,622,"mca_3_l_h2o",10,"l","h2o",48879545.3509824,"coclaurine","M0"
286.1,622,"mca_3_p_d2o",10,"p","d2o",167405.705802331,"coclaurine","M0"
286.1,622,"mca_3_p_h2o",10,"p","h2o",23734616.020654,"coclaurine","M0"
300.2,347,"mca_1_l_d2o",5,"l","d2o",3770082.83330594,"methylcoclaurine","M0"
300.2,347,"mca_1_l_h2o",5,"l","h2o",4244046.83494949,"methylcoclaurine","M0"
300.2,347,"mca_1_p_d2o",5,"p","d2o",1333738.53595221,"methylcoclaurine","M0"
300.2,347,"mca_1_p_h2o",5,"p","h2o",4413858.45387215,"methylcoclaurine","M0"
300.2,347,"mca_12_l_d2o",0,"l","d2o",2977717.16720922,"methylcoclaurine","M0"
300.2,347,"mca_12_l_h2o",0,"l","h2o",2497004.41346575,"methylcoclaurine","M0"
300.2,347,"mca_12_p_d2o",0,"p","d2o",9464807.91849824,"methylcoclaurine","M0"
300.2,347,"mca_12_p_h2o",0,"p","h2o",15010924.6624033,"methylcoclaurine","M0"
300.2,347,"mca_13_l_d2o",15,"l","d2o",239412.139623455,"methylcoclaurine","M0"
300.2,347,"mca_13_l_h2o",15,"l","h2o",145001.72534106,"methylcoclaurine","M0"
300.2,347,"mca_13_p_d2o",15,"p","d2o",25023.6235241703,"methylcoclaurine","M0"
300.2,347,"mca_13_p_h2o",15,"p","h2o",299646.456482095,"methylcoclaurine","M0"
300.2,347,"mca_3_l_d2o",10,"l","d2o",1621275.59595203,"methylcoclaurine","M0"
300.2,347,"mca_3_l_h2o",10,"l","h2o",1358947.68279963,"methylcoclaurine","M0"
300.2,347,"mca_3_p_d2o",10,"p","d2o",682302.238959959,"methylcoclaurine","M0"
300.2,347,"mca_3_p_h2o",10,"p","h2o",864861.231856003,"methylcoclaurine","M0"
316.2,746,"mca_1_l_d2o",5,"l","d2o",609043.760516829,"hydroxy-methylcoclaurine","M0"
316.2,746,"mca_1_l_h2o",5,"l","h2o",208377.545985749,"hydroxy-methylcoclaurine","M0"
316.2,746,"mca_1_p_d2o",5,"p","d2o",140987.173606409,"hydroxy-methylcoclaurine","M0"
316.2,746,"mca_1_p_h2o",5,"p","h2o",121442.011476845,"hydroxy-methylcoclaurine","M0"
316.2,746,"mca_12_l_d2o",0,"l","d2o",33630.9370674808,"hydroxy-methylcoclaurine","M0"
316.2,746,"mca_12_l_h2o",0,"l","h2o",27720.7582910119,"hydroxy-methylcoclaurine","M0"
316.2,746,"mca_12_p_d2o",0,"p","d2o",22517.3022046351,"hydroxy-methylcoclaurine","M0"
316.2,746,"mca_12_p_h2o",0,"p","h2o",141274.983327054,"hydroxy-methylcoclaurine","M0"
316.2,746,"mca_13_l_d2o",15,"l","d2o",2270602.87532714,"hydroxy-methylcoclaurine","M0"
316.2,746,"mca_13_l_h2o",15,"l","h2o",93711.6679066862,"hydroxy-methylcoclaurine","M0"
316.2,746,"mca_13_p_d2o",15,"p","d2o",12183.03933916,"hydroxy-methylcoclaurine","M0"
316.2,746,"mca_13_p_h2o",15,"p","h2o",268778.235249717,"hydroxy-methylcoclaurine","M0"
316.2,746,"mca_3_l_d2o",10,"l","d2o",1260448.92125512,"hydroxy-methylcoclaurine","M0"
316.2,746,"mca_3_l_h2o",10,"l","h2o",640199.918772478,"hydroxy-methylcoclaurine","M0"
316.2,746,"mca_3_p_d2o",10,"p","d2o",172723.3523934,"hydroxy-methylcoclaurine","M0"
316.2,746,"mca_3_p_h2o",10,"p","h2o",114308.31927109,"hydroxy-methylcoclaurine","M0"
330.2,353,"mca_1_l_d2o",5,"l","d2o",203976.672263,"reticuline","M0"
330.2,353,"mca_1_l_h2o",5,"l","h2o",123838.951861323,"reticuline","M0"
330.2,353,"mca_1_p_d2o",5,"p","d2o",949436.035214135,"reticuline","M0"
330.2,353,"mca_1_p_h2o",5,"p","h2o",1089958.64978629,"reticuline","M0"
330.2,353,"mca_12_l_d2o",0,"l","d2o",16352.9823520742,"reticuline","M0"
330.2,353,"mca_12_l_h2o",0,"l","h2o",10870.099922168,"reticuline","M0"
330.2,353,"mca_12_p_d2o",0,"p","d2o",184100.849002751,"reticuline","M0"
330.2,353,"mca_12_p_h2o",0,"p","h2o",997704.293269628,"reticuline","M0"
330.2,353,"mca_13_l_d2o",15,"l","d2o",225451691.740721,"reticuline","M0"
330.2,353,"mca_13_l_h2o",15,"l","h2o",271283066.483634,"reticuline","M0"
330.2,353,"mca_13_p_d2o",15,"p","d2o",9916223.31687048,"reticuline","M0"
330.2,353,"mca_13_p_h2o",15,"p","h2o",206385704.939024,"reticuline","M0"
330.2,353,"mca_3_l_d2o",10,"l","d2o",244404616.176142,"reticuline","M0"
330.2,353,"mca_3_l_h2o",10,"l","h2o",231637733.737073,"reticuline","M0"
330.2,353,"mca_3_p_d2o",10,"p","d2o",26498905.2101074,"reticuline","M0"
330.2,353,"mca_3_p_h2o",10,"p","h2o",24806679.2371226,"reticuline","M0"
398.1,316,"mca_1_l_d2o",5,"l","d2o",229776420.474684,"acutumine","M0"
398.1,316,"mca_1_l_h2o",5,"l","h2o",212755891.215636,"acutumine","M0"
398.1,316,"mca_1_p_d2o",5,"p","d2o",18113921.4798389,"acutumine","M0"
398.1,316,"mca_1_p_h2o",5,"p","h2o",78735344.7971811,"acutumine","M0"
398.1,316,"mca_12_l_d2o",0,"l","d2o",144223545.410591,"acutumine","M0"
398.1,316,"mca_12_l_h2o",0,"l","h2o",135387644.856344,"acutumine","M0"
398.1,316,"mca_12_p_d2o",0,"p","d2o",203506327.075098,"acutumine","M0"
398.1,316,"mca_12_p_h2o",0,"p","h2o",150480089.376168,"acutumine","M0"
398.1,316,"mca_13_l_d2o",15,"l","d2o",175533421.315456,"acutumine","M0"
398.1,316,"mca_13_l_h2o",15,"l","h2o",146172512.487654,"acutumine","M0"
398.1,316,"mca_13_p_d2o",15,"p","d2o",8327686.83894219,"acutumine","M0"
398.1,316,"mca_13_p_h2o",15,"p","h2o",301483234.427884,"acutumine","M0"
398.1,316,"mca_3_l_d2o",10,"l","d2o",118862574.320652,"acutumine","M0"
398.1,316,"mca_3_l_h2o",10,"l","h2o",93614096.8503351,"acutumine","M0"
398.1,316,"mca_3_p_d2o",10,"p","d2o",8360277.84210937,"acutumine","M0"
398.1,316,"mca_3_p_h2o",10,"p","h2o",943561.91590609,"acutumine","M0"
384.1,226,"mca_1_l_d2o",5,"l","d2o",37393612.3328921,"acutumidine","M0"
384.1,226,"mca_1_l_h2o",5,"l","h2o",40940659.7803116,"acutumidine","M0"
384.1,226,"mca_1_p_d2o",5,"p","d2o",473840.843372849,"acutumidine","M0"
384.1,226,"mca_1_p_h2o",5,"p","h2o",66465060.3932337,"acutumidine","M0"
384.1,226,"mca_12_l_d2o",0,"l","d2o",1400131.75062693,"acutumidine","M0"
384.1,226,"mca_12_l_h2o",0,"l","h2o",1415696.56567855,"acutumidine","M0"
384.1,226,"mca_12_p_d2o",0,"p","d2o",3602350.58267723,"acutumidine","M0"
384.1,226,"mca_12_p_h2o",0,"p","h2o",6339564.40473126,"acutumidine","M0"
384.1,226,"mca_13_l_d2o",15,"l","d2o",36248443.7482155,"acutumidine","M0"
384.1,226,"mca_13_l_h2o",15,"l","h2o",30838335.5562753,"acutumidine","M0"
384.1,226,"mca_13_p_d2o",15,"p","d2o",808557.193001893,"acutumidine","M0"
384.1,226,"mca_13_p_h2o",15,"p","h2o",60744661.0883187,"acutumidine","M0"
384.1,226,"mca_3_l_d2o",10,"l","d2o",18805680.1736307,"acutumidine","M0"
384.1,226,"mca_3_l_h2o",10,"l","h2o",24788851.8934897,"acutumidine","M0"
384.1,226,"mca_3_p_d2o",10,"p","d2o",142497.679792786,"acutumidine","M0"
384.1,226,"mca_3_p_h2o",10,"p","h2o",166350.708700618,"acutumidine","M0"
382.1,540,"mca_1_l_d2o",5,"l","d2o",16083158.1449307,"mz_382.14","M0"
382.1,540,"mca_1_l_h2o",5,"l","h2o",12456022.2756572,"mz_382.14","M0"
382.1,540,"mca_1_p_d2o",5,"p","d2o",301485.055096778,"mz_382.14","M0"
382.1,540,"mca_1_p_h2o",5,"p","h2o",7016833.99618424,"mz_382.14","M0"
382.1,540,"mca_12_l_d2o",0,"l","d2o",48050789.1939487,"mz_382.14","M0"
382.1,540,"mca_12_l_h2o",0,"l","h2o",38815000.7119957,"mz_382.14","M0"
382.1,540,"mca_12_p_d2o",0,"p","d2o",24014738.4520934,"mz_382.14","M0"
382.1,540,"mca_12_p_h2o",0,"p","h2o",6375595.21233166,"mz_382.14","M0"
382.1,540,"mca_13_l_d2o",15,"l","d2o",48718459.3312467,"mz_382.14","M0"
382.1,540,"mca_13_l_h2o",15,"l","h2o",58916569.0468484,"mz_382.14","M0"
382.1,540,"mca_13_p_d2o",15,"p","d2o",2019396.33035257,"mz_382.14","M0"
382.1,540,"mca_13_p_h2o",15,"p","h2o",79390882.7222219,"mz_382.14","M0"
382.1,540,"mca_3_l_d2o",10,"l","d2o",24047270.5581174,"mz_382.14","M0"
382.1,540,"mca_3_l_h2o",10,"l","h2o",7625160.67476733,"mz_382.14","M0"
382.1,540,"mca_3_p_d2o",10,"p","d2o",116173.344373431,"mz_382.14","M0"
382.1,540,"mca_3_p_h2o",10,"p","h2o",18703.5923122602,"mz_382.14","M0"
440.1,846,"mca_1_l_d2o",5,"l","d2o",65673037.6236261,"mz_440.15","M0"
440.1,846,"mca_1_l_h2o",5,"l","h2o",49839997.8169356,"mz_440.15","M0"
440.1,846,"mca_1_p_d2o",5,"p","d2o",355660.195149312,"mz_440.15","M0"
440.1,846,"mca_1_p_h2o",5,"p","h2o",8617672.98016949,"mz_440.15","M0"
440.1,846,"mca_12_l_d2o",0,"l","d2o",87330450.3215819,"mz_440.15","M0"
440.1,846,"mca_12_l_h2o",0,"l","h2o",101888814.75775,"mz_440.15","M0"
440.1,846,"mca_12_p_d2o",0,"p","d2o",28891319.1089438,"mz_440.15","M0"
440.1,846,"mca_12_p_h2o",0,"p","h2o",8407560.27845598,"mz_440.15","M0"
440.1,846,"mca_13_l_d2o",15,"l","d2o",59551407.754015,"mz_440.15","M0"
440.1,846,"mca_13_l_h2o",15,"l","h2o",55918855.5648104,"mz_440.15","M0"
440.1,846,"mca_13_p_d2o",15,"p","d2o",1358261.27150839,"mz_440.15","M0"
440.1,846,"mca_13_p_h2o",15,"p","h2o",56646308.5632391,"mz_440.15","M0"
440.1,846,"mca_3_l_d2o",10,"l","d2o",12390878.5750987,"mz_440.15","M0"
440.1,846,"mca_3_l_h2o",10,"l","h2o",8825763.31799374,"mz_440.15","M0"
440.1,846,"mca_3_p_d2o",10,"p","d2o",51046.61173824,"mz_440.15","M0"
440.1,846,"mca_3_p_h2o",10,"p","h2o",76204.046879387,"mz_440.15","M0"
328.2,680,"mca_1_l_d2o",5,"l","d2o",8552373.75813743,"scoulerine?","M0"
328.2,680,"mca_1_l_h2o",5,"l","h2o",15093233.3893747,"scoulerine?","M0"
328.2,680,"mca_1_p_d2o",5,"p","d2o",170110.496252411,"scoulerine?","M0"
328.2,680,"mca_1_p_h2o",5,"p","h2o",4948307.8485903,"scoulerine?","M0"
328.2,680,"mca_12_l_d2o",0,"l","d2o",318893.548208386,"scoulerine?","M0"
328.2,680,"mca_12_l_h2o",0,"l","h2o",61408.7088451534,"scoulerine?","M0"
328.2,680,"mca_12_p_d2o",0,"p","d2o",907339.38737215,"scoulerine?","M0"
328.2,680,"mca_12_p_h2o",0,"p","h2o",1685318.20199265,"scoulerine?","M0"
328.2,680,"mca_13_l_d2o",15,"l","d2o",3471517.88680945,"scoulerine?","M0"
328.2,680,"mca_13_l_h2o",15,"l","h2o",1109876.12998673,"scoulerine?","M0"
328.2,680,"mca_13_p_d2o",15,"p","d2o",873430.881617785,"scoulerine?","M0"
328.2,680,"mca_13_p_h2o",15,"p","h2o",9434769.35346145,"scoulerine?","M0"
328.2,680,"mca_3_l_d2o",10,"l","d2o",15738976.5787711,"scoulerine?","M0"
328.2,680,"mca_3_l_h2o",10,"l","h2o",110153436.693095,"scoulerine?","M0"
328.2,680,"mca_3_p_d2o",10,"p","d2o",1187631.18590494,"scoulerine?","M0"
328.2,680,"mca_3_p_h2o",10,"p","h2o",2304091.21328236,"scoulerine?","M0"
342.2,722,"mca_1_l_d2o",5,"l","d2o",43600575.3003816,"tetrahydrocolumbamine?","M0"
342.2,722,"mca_1_l_h2o",5,"l","h2o",71602396.4562655,"tetrahydrocolumbamine?","M0"
342.2,722,"mca_1_p_d2o",5,"p","d2o",3717059.40517244,"tetrahydrocolumbamine?","M0"
342.2,722,"mca_1_p_h2o",5,"p","h2o",12663876.4595133,"tetrahydrocolumbamine?","M0"
342.2,722,"mca_12_l_d2o",0,"l","d2o",4219351.77261954,"tetrahydrocolumbamine?","M0"
342.2,722,"mca_12_l_h2o",0,"l","h2o",3238301.60387126,"tetrahydrocolumbamine?","M0"
342.2,722,"mca_12_p_d2o",0,"p","d2o",5377512.02509343,"tetrahydrocolumbamine?","M0"
342.2,722,"mca_12_p_h2o",0,"p","h2o",12151680.5150991,"tetrahydrocolumbamine?","M0"
342.2,722,"mca_13_l_d2o",15,"l","d2o",64699948.2293895,"tetrahydrocolumbamine?","M0"
342.2,722,"mca_13_l_h2o",15,"l","h2o",4186048.80427531,"tetrahydrocolumbamine?","M0"
342.2,722,"mca_13_p_d2o",15,"p","d2o",112330.215540202,"tetrahydrocolumbamine?","M0"
342.2,722,"mca_13_p_h2o",15,"p","h2o",31123300.4433759,"tetrahydrocolumbamine?","M0"
342.2,722,"mca_3_l_d2o",10,"l","d2o",90050334.1544323,"tetrahydrocolumbamine?","M0"
342.2,722,"mca_3_l_h2o",10,"l","h2o",286056402.832565,"tetrahydrocolumbamine?","M0"
342.2,722,"mca_3_p_d2o",10,"p","d2o",1549405.1393607,"tetrahydrocolumbamine?","M0"
342.2,722,"mca_3_p_h2o",10,"p","h2o",17402127.4838198,"tetrahydrocolumbamine?","M0"
340.2,867,"mca_1_l_d2o",5,"l","d2o",400874.53581565,"canadine?","M0"
340.2,867,"mca_1_l_h2o",5,"l","h2o",1376017.7600075,"canadine?","M0"
340.2,867,"mca_1_p_d2o",5,"p","d2o",69747.4614831975,"canadine?","M0"
340.2,867,"mca_1_p_h2o",5,"p","h2o",116371.78446631,"canadine?","M0"
340.2,867,"mca_12_l_d2o",0,"l","d2o",14403.1403220559,"canadine?","M0"
340.2,867,"mca_12_l_h2o",0,"l","h2o",15628.4736035888,"canadine?","M0"
340.2,867,"mca_12_p_d2o",0,"p","d2o",154623.210205471,"canadine?","M0"
340.2,867,"mca_12_p_h2o",0,"p","h2o",716976.870505983,"canadine?","M0"
340.2,867,"mca_13_l_d2o",15,"l","d2o",208945.482632758,"canadine?","M0"
340.2,867,"mca_13_l_h2o",15,"l","h2o",3847.81953819367,"canadine?","M0"
340.2,867,"mca_13_p_d2o",15,"p","d2o",9640.21827026114,"canadine?","M0"
340.2,867,"mca_13_p_h2o",15,"p","h2o",54316.9269670757,"canadine?","M0"
340.2,867,"mca_3_l_d2o",10,"l","d2o",1854926.01800034,"canadine?","M0"
340.2,867,"mca_3_l_h2o",10,"l","h2o",15679189.1535143,"canadine?","M0"
340.2,867,"mca_3_p_d2o",10,"p","d2o",15788.3044449088,"canadine?","M0"
340.2,867,"mca_3_p_h2o",10,"p","h2o",1586516.87313777,"canadine?","M0"
324.1,1020,"mca_1_l_d2o",5,"l","d2o",5869368.07159809,"stylopine?","M0"
324.1,1020,"mca_1_l_h2o",5,"l","h2o",9908148.8160492,"stylopine?","M0"
324.1,1020,"mca_1_p_d2o",5,"p","d2o",583201.848524315,"stylopine?","M0"
324.1,1020,"mca_1_p_h2o",5,"p","h2o",2084713.33847892,"stylopine?","M0"
324.1,1020,"mca_12_l_d2o",0,"l","d2o",457432.761426617,"stylopine?","M0"
324.1,1020,"mca_12_l_h2o",0,"l","h2o",405881.806870591,"stylopine?","M0"
324.1,1020,"mca_12_p_d2o",0,"p","d2o",189824.492985731,"stylopine?","M0"
324.1,1020,"mca_12_p_h2o",0,"p","h2o",446670.139206717,"stylopine?","M0"
324.1,1020,"mca_13_l_d2o",15,"l","d2o",3733138.40002675,"stylopine?","M0"
324.1,1020,"mca_13_l_h2o",15,"l","h2o",232974.93644867,"stylopine?","M0"
324.1,1020,"mca_13_p_d2o",15,"p","d2o",230458.031069843,"stylopine?","M0"
324.1,1020,"mca_13_p_h2o",15,"p","h2o",4247212.84719398,"stylopine?","M0"
324.1,1020,"mca_3_l_d2o",10,"l","d2o",12369885.1874063,"stylopine?","M0"
324.1,1020,"mca_3_l_h2o",10,"l","h2o",16814592.1118795,"stylopine?","M0"
324.1,1020,"mca_3_p_d2o",10,"p","d2o",272180.34279785,"stylopine?","M0"
324.1,1020,"mca_3_p_h2o",10,"p","h2o",16312272.5490651,"stylopine?","M0"
273.1,298,"mca_1_l_d2o",5,"l","d2o",1939269.26621836,"norcoclaurine","M1"
273.1,298,"mca_1_l_h2o",5,"l","h2o",1331246.11679898,"norcoclaurine","M1"
273.1,298,"mca_1_p_d2o",5,"p","d2o",88817.6946053349,"norcoclaurine","M1"
273.1,298,"mca_1_p_h2o",5,"p","h2o",184259.981812365,"norcoclaurine","M1"
273.1,298,"mca_12_l_d2o",0,"l","d2o",23979.7280848721,"norcoclaurine","M1"
273.1,298,"mca_12_l_h2o",0,"l","h2o",35312.7176040531,"norcoclaurine","M1"
273.1,298,"mca_12_p_d2o",0,"p","d2o",35900.029272246,"norcoclaurine","M1"
273.1,298,"mca_12_p_h2o",0,"p","h2o",108448.878646885,"norcoclaurine","M1"
273.1,298,"mca_13_l_d2o",15,"l","d2o",5702865.52789672,"norcoclaurine","M1"
273.1,298,"mca_13_l_h2o",15,"l","h2o",186698.823757286,"norcoclaurine","M1"
273.1,298,"mca_13_p_d2o",15,"p","d2o",38352.0965935046,"norcoclaurine","M1"
273.1,298,"mca_13_p_h2o",15,"p","h2o",172851.918918902,"norcoclaurine","M1"
273.1,298,"mca_3_l_d2o",10,"l","d2o",1154564.25489038,"norcoclaurine","M1"
273.1,298,"mca_3_l_h2o",10,"l","h2o",1880048.9591806,"norcoclaurine","M1"
273.1,298,"mca_3_p_d2o",10,"p","d2o",26615.8649587678,"norcoclaurine","M1"
273.1,298,"mca_3_p_h2o",10,"p","h2o",646316.493967523,"norcoclaurine","M1"
287.1,622,"mca_1_l_d2o",5,"l","d2o",10292066.8835852,"coclaurine","M1"
287.1,622,"mca_1_l_h2o",5,"l","h2o",9769846.11495327,"coclaurine","M1"
287.1,622,"mca_1_p_d2o",5,"p","d2o",128901.421084296,"coclaurine","M1"
287.1,622,"mca_1_p_h2o",5,"p","h2o",1374213.09932841,"coclaurine","M1"
287.1,622,"mca_12_l_d2o",0,"l","d2o",166084.111005861,"coclaurine","M1"
287.1,622,"mca_12_l_h2o",0,"l","h2o",124984.937201492,"coclaurine","M1"
287.1,622,"mca_12_p_d2o",0,"p","d2o",292189.55998641,"coclaurine","M1"
287.1,622,"mca_12_p_h2o",0,"p","h2o",580890.534094113,"coclaurine","M1"
287.1,622,"mca_13_l_d2o",15,"l","d2o",10622422.4164882,"coclaurine","M1"
287.1,622,"mca_13_l_h2o",15,"l","h2o",1140030.63009299,"coclaurine","M1"
287.1,622,"mca_13_p_d2o",15,"p","d2o",80164.7311041009,"coclaurine","M1"
287.1,622,"mca_13_p_h2o",15,"p","h2o",3427693.98405717,"coclaurine","M1"
287.1,622,"mca_3_l_d2o",10,"l","d2o",6284627.38656126,"coclaurine","M1"
287.1,622,"mca_3_l_h2o",10,"l","h2o",10205849.0657187,"coclaurine","M1"
287.1,622,"mca_3_p_d2o",10,"p","d2o",42899.3854919657,"coclaurine","M1"
287.1,622,"mca_3_p_h2o",10,"p","h2o",4466265.98339145,"coclaurine","M1"
301.2,345,"mca_1_l_d2o",5,"l","d2o",944784.969381884,"methylcoclaurine","M1"
301.2,345,"mca_1_l_h2o",5,"l","h2o",821196.912934873,"methylcoclaurine","M1"
301.2,345,"mca_1_p_d2o",5,"p","d2o",466387.501836797,"methylcoclaurine","M1"
301.2,345,"mca_1_p_h2o",5,"p","h2o",839817.822558303,"methylcoclaurine","M1"
301.2,345,"mca_12_l_d2o",0,"l","d2o",616599.725773362,"methylcoclaurine","M1"
301.2,345,"mca_12_l_h2o",0,"l","h2o",517725.381113158,"methylcoclaurine","M1"
301.2,345,"mca_12_p_d2o",0,"p","d2o",1813624.69664122,"methylcoclaurine","M1"
301.2,345,"mca_12_p_h2o",0,"p","h2o",2842094.8676021,"methylcoclaurine","M1"
301.2,345,"mca_13_l_d2o",15,"l","d2o",24058.4258240055,"methylcoclaurine","M1"
301.2,345,"mca_13_l_h2o",15,"l","h2o",0,"methylcoclaurine","M1"
301.2,345,"mca_13_p_d2o",15,"p","d2o",12212.0055918614,"methylcoclaurine","M1"
301.2,345,"mca_13_p_h2o",15,"p","h2o",2136.49660764904,"methylcoclaurine","M1"
301.2,345,"mca_3_l_d2o",10,"l","d2o",385859.96814093,"methylcoclaurine","M1"
301.2,345,"mca_3_l_h2o",10,"l","h2o",200372.873171137,"methylcoclaurine","M1"
301.2,345,"mca_3_p_d2o",10,"p","d2o",292854.439406516,"methylcoclaurine","M1"
301.2,345,"mca_3_p_h2o",10,"p","h2o",174757.594484986,"methylcoclaurine","M1"
331.2,356,"mca_1_l_d2o",5,"l","d2o",69662.8130263169,"reticuline","M1"
331.2,356,"mca_1_l_h2o",5,"l","h2o",27990.5187727575,"reticuline","M1"
331.2,356,"mca_1_p_d2o",5,"p","d2o",316889.44988443,"reticuline","M1"
331.2,356,"mca_1_p_h2o",5,"p","h2o",233407.546533257,"reticuline","M1"
331.2,356,"mca_12_l_d2o",0,"l","d2o",30136.5284551221,"reticuline","M1"
331.2,356,"mca_12_l_h2o",0,"l","h2o",26600.2873705046,"reticuline","M1"
331.2,356,"mca_12_p_d2o",0,"p","d2o",58088.2634804759,"reticuline","M1"
331.2,356,"mca_12_p_h2o",0,"p","h2o",245153.102685228,"reticuline","M1"
331.2,356,"mca_13_l_d2o",15,"l","d2o",54804460.8960298,"reticuline","M1"
331.2,356,"mca_13_l_h2o",15,"l","h2o",57579157.2025706,"reticuline","M1"
331.2,356,"mca_13_p_d2o",15,"p","d2o",2420679.89089009,"reticuline","M1"
331.2,356,"mca_13_p_h2o",15,"p","h2o",43271112.0540864,"reticuline","M1"
331.2,356,"mca_3_l_d2o",10,"l","d2o",52508426.1115264,"reticuline","M1"
331.2,356,"mca_3_l_h2o",10,"l","h2o",49603622.8329613,"reticuline","M1"
331.2,356,"mca_3_p_d2o",10,"p","d2o",10509187.1057964,"reticuline","M1"
331.2,356,"mca_3_p_h2o",10,"p","h2o",5007364.40254674,"reticuline","M1"
399.1,316,"mca_1_l_d2o",5,"l","d2o",52845397.9588608,"acutumine","M1"
399.1,316,"mca_1_l_h2o",5,"l","h2o",45504791.6999634,"acutumine","M1"
399.1,316,"mca_1_p_d2o",5,"p","d2o",5375619.63846987,"acutumine","M1"
399.1,316,"mca_1_p_h2o",5,"p","h2o",17044257.595309,"acutumine","M1"
399.1,316,"mca_12_l_d2o",0,"l","d2o",30290952.2252465,"acutumine","M1"
399.1,316,"mca_12_l_h2o",0,"l","h2o",28664095.5727613,"acutumine","M1"
399.1,316,"mca_12_p_d2o",0,"p","d2o",42983229.1580332,"acutumine","M1"
399.1,316,"mca_12_p_h2o",0,"p","h2o",31590277.9567757,"acutumine","M1"
399.1,316,"mca_13_l_d2o",15,"l","d2o",48526064.8009538,"acutumine","M1"
399.1,316,"mca_13_l_h2o",15,"l","h2o",31829407.6114193,"acutumine","M1"
399.1,316,"mca_13_p_d2o",15,"p","d2o",1736554.71618223,"acutumine","M1"
399.1,316,"mca_13_p_h2o",15,"p","h2o",65893136.2520241,"acutumine","M1"
399.1,316,"mca_3_l_d2o",10,"l","d2o",27344294.7582139,"acutumine","M1"
399.1,316,"mca_3_l_h2o",10,"l","h2o",20157534.2634144,"acutumine","M1"
399.1,316,"mca_3_p_d2o",10,"p","d2o",2103833.69663085,"acutumine","M1"
399.1,316,"mca_3_p_h2o",10,"p","h2o",208023.638377748,"acutumine","M1"
385.1,226,"mca_1_l_d2o",5,"l","d2o",10710597.3577564,"acutumidine","M1"
385.1,226,"mca_1_l_h2o",5,"l","h2o",8130430.16520561,"acutumidine","M1"
385.1,226,"mca_1_p_d2o",5,"p","d2o",573328.461589348,"acutumidine","M1"
385.1,226,"mca_1_p_h2o",5,"p","h2o",13447235.794616,"acutumidine","M1"
385.1,226,"mca_12_l_d2o",0,"l","d2o",296022.500174387,"acutumidine","M1"
385.1,226,"mca_12_l_h2o",0,"l","h2o",297440.443045191,"acutumidine","M1"
385.1,226,"mca_12_p_d2o",0,"p","d2o",714327.585083386,"acutumidine","M1"
385.1,226,"mca_12_p_h2o",0,"p","h2o",1272857.89674173,"acutumidine","M1"
385.1,226,"mca_13_l_d2o",15,"l","d2o",8672159.27953245,"acutumidine","M1"
385.1,226,"mca_13_l_h2o",15,"l","h2o",6281147.28950779,"acutumidine","M1"
385.1,226,"mca_13_p_d2o",15,"p","d2o",176173.174719203,"acutumidine","M1"
385.1,226,"mca_13_p_h2o",15,"p","h2o",12628145.8653846,"acutumidine","M1"
385.1,226,"mca_3_l_d2o",10,"l","d2o",4436658.32465766,"acutumidine","M1"
385.1,226,"mca_3_l_h2o",10,"l","h2o",5060418.23722462,"acutumidine","M1"
385.1,226,"mca_3_p_d2o",10,"p","d2o",12682.8553477186,"acutumidine","M1"
385.1,226,"mca_3_p_h2o",10,"p","h2o",43015.9965278948,"acutumidine","M1"
383.1,534,"mca_1_l_d2o",5,"l","d2o",4283133.51397046,"mz_382.14","M1"
383.1,534,"mca_1_l_h2o",5,"l","h2o",2554001.48146712,"mz_382.14","M1"
383.1,534,"mca_1_p_d2o",5,"p","d2o",130718.439114923,"mz_382.14","M1"
383.1,534,"mca_1_p_h2o",5,"p","h2o",1558352.18819147,"mz_382.14","M1"
383.1,534,"mca_12_l_d2o",0,"l","d2o",9959233.09399804,"mz_382.14","M1"
383.1,534,"mca_12_l_h2o",0,"l","h2o",7800184.79410981,"mz_382.14","M1"
383.1,534,"mca_12_p_d2o",0,"p","d2o",4806180.28520028,"mz_382.14","M1"
383.1,534,"mca_12_p_h2o",0,"p","h2o",1400095.65563823,"mz_382.14","M1"
383.1,534,"mca_13_l_d2o",15,"l","d2o",20171357.9866116,"mz_382.14","M1"
383.1,534,"mca_13_l_h2o",15,"l","h2o",13001414.044985,"mz_382.14","M1"
383.1,534,"mca_13_p_d2o",15,"p","d2o",445607.880762578,"mz_382.14","M1"
383.1,534,"mca_13_p_h2o",15,"p","h2o",17129967.6084401,"mz_382.14","M1"
383.1,534,"mca_3_l_d2o",10,"l","d2o",6671178.67631687,"mz_382.14","M1"
383.1,534,"mca_3_l_h2o",10,"l","h2o",1573691.43841729,"mz_382.14","M1"
383.1,534,"mca_3_p_d2o",10,"p","d2o",1230636.1188616,"mz_382.14","M1"
383.1,534,"mca_3_p_h2o",10,"p","h2o",2785812.06522756,"mz_382.14","M1"
441.1,842,"mca_1_l_d2o",5,"l","d2o",19205365.1682691,"mz_440.15","M1"
441.1,842,"mca_1_l_h2o",5,"l","h2o",12017404.9745803,"mz_440.15","M1"
441.1,842,"mca_1_p_d2o",5,"p","d2o",199748.142866303,"mz_440.15","M1"
441.1,842,"mca_1_p_h2o",5,"p","h2o",1903599.55802711,"mz_440.15","M1"
441.1,842,"mca_12_l_d2o",0,"l","d2o",20662076.0687768,"mz_440.15","M1"
441.1,842,"mca_12_l_h2o",0,"l","h2o",24317567.0015787,"mz_440.15","M1"
441.1,842,"mca_12_p_d2o",0,"p","d2o",6384187.18751694,"mz_440.15","M1"
441.1,842,"mca_12_p_h2o",0,"p","h2o",1880018.32331862,"mz_440.15","M1"
441.1,842,"mca_13_l_d2o",15,"l","d2o",20721774.3485937,"mz_440.15","M1"
441.1,842,"mca_13_l_h2o",15,"l","h2o",13291364.7516596,"mz_440.15","M1"
441.1,842,"mca_13_p_d2o",15,"p","d2o",336397.182944705,"mz_440.15","M1"
441.1,842,"mca_13_p_h2o",15,"p","h2o",13216073.433846,"mz_440.15","M1"
441.1,842,"mca_3_l_d2o",10,"l","d2o",3408396.60988141,"mz_440.15","M1"
441.1,842,"mca_3_l_h2o",10,"l","h2o",2026763.44517204,"mz_440.15","M1"
441.1,842,"mca_3_p_d2o",10,"p","d2o",72683.4334392837,"mz_440.15","M1"
441.1,842,"mca_3_p_h2o",10,"p","h2o",77926.9722463598,"mz_440.15","M1"
329.2,680,"mca_1_l_d2o",5,"l","d2o",5590361.02090585,"scoulerine?","M1"
329.2,680,"mca_1_l_h2o",5,"l","h2o",3125732.46211884,"scoulerine?","M1"
329.2,680,"mca_1_p_d2o",5,"p","d2o",157502.96708813,"scoulerine?","M1"
329.2,680,"mca_1_p_h2o",5,"p","h2o",990520.422603581,"scoulerine?","M1"
329.2,680,"mca_12_l_d2o",0,"l","d2o",105117.730178702,"scoulerine?","M1"
329.2,680,"mca_12_l_h2o",0,"l","h2o",56111.1134848394,"scoulerine?","M1"
329.2,680,"mca_12_p_d2o",0,"p","d2o",204141.163077976,"scoulerine?","M1"
329.2,680,"mca_12_p_h2o",0,"p","h2o",370050.605026969,"scoulerine?","M1"
329.2,680,"mca_13_l_d2o",15,"l","d2o",3586925.72359885,"scoulerine?","M1"
329.2,680,"mca_13_l_h2o",15,"l","h2o",249093.105063451,"scoulerine?","M1"
329.2,680,"mca_13_p_d2o",15,"p","d2o",623278.123543809,"scoulerine?","M1"
329.2,680,"mca_13_p_h2o",15,"p","h2o",1937046.82298075,"scoulerine?","M1"
329.2,680,"mca_3_l_d2o",10,"l","d2o",9137977.07967132,"scoulerine?","M1"
329.2,680,"mca_3_l_h2o",10,"l","h2o",27020941.2696772,"scoulerine?","M1"
329.2,680,"mca_3_p_d2o",10,"p","d2o",1172239.49829571,"scoulerine?","M1"
329.2,680,"mca_3_p_h2o",10,"p","h2o",484383.833987617,"scoulerine?","M1"
343.2,717,"mca_1_l_d2o",5,"l","d2o",28694974.5343581,"tetrahydrocolumbamine?","M1"
343.2,717,"mca_1_l_h2o",5,"l","h2o",16455689.0944867,"tetrahydrocolumbamine?","M1"
343.2,717,"mca_1_p_d2o",5,"p","d2o",819785.074185082,"tetrahydrocolumbamine?","M1"
343.2,717,"mca_1_p_h2o",5,"p","h2o",2621982.20750623,"tetrahydrocolumbamine?","M1"
343.2,717,"mca_12_l_d2o",0,"l","d2o",913238.491649145,"tetrahydrocolumbamine?","M1"
343.2,717,"mca_12_l_h2o",0,"l","h2o",722951.167238849,"tetrahydrocolumbamine?","M1"
343.2,717,"mca_12_p_d2o",0,"p","d2o",1154147.57894679,"tetrahydrocolumbamine?","M1"
343.2,717,"mca_12_p_h2o",0,"p","h2o",2599444.91578831,"tetrahydrocolumbamine?","M1"
343.2,717,"mca_13_l_d2o",15,"l","d2o",59386379.2279323,"tetrahydrocolumbamine?","M1"
343.2,717,"mca_13_l_h2o",15,"l","h2o",941289.312809822,"tetrahydrocolumbamine?","M1"
343.2,717,"mca_13_p_d2o",15,"p","d2o",35417.7741888193,"tetrahydrocolumbamine?","M1"
343.2,717,"mca_13_p_h2o",15,"p","h2o",6946175.30805954,"tetrahydrocolumbamine?","M1"
343.2,717,"mca_3_l_d2o",10,"l","d2o",43393434.1694114,"tetrahydrocolumbamine?","M1"
343.2,717,"mca_3_l_h2o",10,"l","h2o",78388569.4830982,"tetrahydrocolumbamine?","M1"
343.2,717,"mca_3_p_d2o",10,"p","d2o",545814.433423655,"tetrahydrocolumbamine?","M1"
343.2,717,"mca_3_p_h2o",10,"p","h2o",3673068.7275217,"tetrahydrocolumbamine?","M1"
288.1,622,"mca_1_l_d2o",5,"l","d2o",6111874.69143668,"coclaurine","M2"
288.1,622,"mca_1_l_h2o",5,"l","h2o",1141304.1250103,"coclaurine","M2"
288.1,622,"mca_1_p_d2o",5,"p","d2o",156491.49135574,"coclaurine","M2"
288.1,622,"mca_1_p_h2o",5,"p","h2o",167160.354573372,"coclaurine","M2"
288.1,622,"mca_12_l_d2o",0,"l","d2o",26955.1105288357,"coclaurine","M2"
288.1,622,"mca_12_l_h2o",0,"l","h2o",17189.5342766056,"coclaurine","M2"
288.1,622,"mca_12_p_d2o",0,"p","d2o",34865.3568014315,"coclaurine","M2"
288.1,622,"mca_12_p_h2o",0,"p","h2o",71308.1135279243,"coclaurine","M2"
288.1,622,"mca_13_l_d2o",15,"l","d2o",10027884.4847296,"coclaurine","M2"
288.1,622,"mca_13_l_h2o",15,"l","h2o",145383.703811298,"coclaurine","M2"
288.1,622,"mca_13_p_d2o",15,"p","d2o",5538.01898780153,"coclaurine","M2"
288.1,622,"mca_13_p_h2o",15,"p","h2o",404276.404642859,"coclaurine","M2"
288.1,622,"mca_3_l_d2o",10,"l","d2o",2627232.27445533,"coclaurine","M2"
288.1,622,"mca_3_l_h2o",10,"l","h2o",1268353.13271717,"coclaurine","M2"
288.1,622,"mca_3_p_d2o",10,"p","d2o",19730.6118718115,"coclaurine","M2"
288.1,622,"mca_3_p_h2o",10,"p","h2o",517146.259539094,"coclaurine","M2"
400.1,316,"mca_1_l_d2o",5,"l","d2o",81773480.1128146,"acutumine","M2"
400.1,316,"mca_1_l_h2o",5,"l","h2o",74717348.6304071,"acutumine","M2"
400.1,316,"mca_1_p_d2o",5,"p","d2o",6408835.40718859,"acutumine","M2"
400.1,316,"mca_1_p_h2o",5,"p","h2o",27814193.733023,"acutumine","M2"
400.1,316,"mca_12_l_d2o",0,"l","d2o",51129107.640191,"acutumine","M2"
400.1,316,"mca_12_l_h2o",0,"l","h2o",47917960.5032653,"acutumine","M2"
400.1,316,"mca_12_p_d2o",0,"p","d2o",69122368.6594201,"acutumine","M2"
400.1,316,"mca_12_p_h2o",0,"p","h2o",53583902.5078488,"acutumine","M2"
400.1,316,"mca_13_l_d2o",15,"l","d2o",63766681.6180404,"acutumine","M2"
400.1,316,"mca_13_l_h2o",15,"l","h2o",52189201.8514716,"acutumine","M2"
400.1,316,"mca_13_p_d2o",15,"p","d2o",2820827.3273601,"acutumine","M2"
400.1,316,"mca_13_p_h2o",15,"p","h2o",107363652.352985,"acutumine","M2"
400.1,316,"mca_3_l_d2o",10,"l","d2o",41692374.7953589,"acutumine","M2"
400.1,316,"mca_3_l_h2o",10,"l","h2o",33069105.8108716,"acutumine","M2"
400.1,316,"mca_3_p_d2o",10,"p","d2o",2913986.07964813,"acutumine","M2"
400.1,316,"mca_3_p_h2o",10,"p","h2o",331931.851319723,"acutumine","M2"
386.1,216,"mca_1_l_d2o",5,"l","d2o",13649835.3156888,"acutumidine","M2"
386.1,216,"mca_1_l_h2o",5,"l","h2o",14025593.4331798,"acutumidine","M2"
386.1,216,"mca_1_p_d2o",5,"p","d2o",262545.206433204,"acutumidine","M2"
386.1,216,"mca_1_p_h2o",5,"p","h2o",22638337.3126815,"acutumidine","M2"
386.1,216,"mca_12_l_d2o",0,"l","d2o",487901.95075335,"acutumidine","M2"
386.1,216,"mca_12_l_h2o",0,"l","h2o",489205.761385596,"acutumidine","M2"
386.1,216,"mca_12_p_d2o",0,"p","d2o",1218488.20030449,"acutumidine","M2"
386.1,216,"mca_12_p_h2o",0,"p","h2o",2121508.84633281,"acutumidine","M2"
386.1,216,"mca_13_l_d2o",15,"l","d2o",12846944.0224616,"acutumidine","M2"
386.1,216,"mca_13_l_h2o",15,"l","h2o",10818879.4994963,"acutumidine","M2"
386.1,216,"mca_13_p_d2o",15,"p","d2o",279373.947146464,"acutumidine","M2"
386.1,216,"mca_13_p_h2o",15,"p","h2o",20562219.6317663,"acutumidine","M2"
386.1,216,"mca_3_l_d2o",10,"l","d2o",6571484.09487929,"acutumidine","M2"
386.1,216,"mca_3_l_h2o",10,"l","h2o",8701132.33058105,"acutumidine","M2"
386.1,216,"mca_3_p_d2o",10,"p","d2o",17127.0508217327,"acutumidine","M2"
386.1,216,"mca_3_p_h2o",10,"p","h2o",67182.8889735177,"acutumidine","M2"
384.1,540,"mca_1_l_d2o",5,"l","d2o",5582016.34101909,"mz_382.14","M2"
384.1,540,"mca_1_l_h2o",5,"l","h2o",4124479.20297477,"mz_382.14","M2"
384.1,540,"mca_1_p_d2o",5,"p","d2o",133861.207388704,"mz_382.14","M2"
384.1,540,"mca_1_p_h2o",5,"p","h2o",2374187.84773468,"mz_382.14","M2"
384.1,540,"mca_12_l_d2o",0,"l","d2o",16473752.920387,"mz_382.14","M2"
384.1,540,"mca_12_l_h2o",0,"l","h2o",12919100.6696428,"mz_382.14","M2"
384.1,540,"mca_12_p_d2o",0,"p","d2o",7845309.46834745,"mz_382.14","M2"
384.1,540,"mca_12_p_h2o",0,"p","h2o",2145793.79412213,"mz_382.14","M2"
384.1,540,"mca_13_l_d2o",15,"l","d2o",20497909.4061161,"mz_382.14","M2"
384.1,540,"mca_13_l_h2o",15,"l","h2o",20195204.8924602,"mz_382.14","M2"
384.1,540,"mca_13_p_d2o",15,"p","d2o",695877.021248892,"mz_382.14","M2"
384.1,540,"mca_13_p_h2o",15,"p","h2o",27544928.3512285,"mz_382.14","M2"
384.1,540,"mca_3_l_d2o",10,"l","d2o",8724257.43980882,"mz_382.14","M2"
384.1,540,"mca_3_l_h2o",10,"l","h2o",2528864.77390299,"mz_382.14","M2"
384.1,540,"mca_3_p_d2o",10,"p","d2o",296758.196100483,"mz_382.14","M2"
384.1,540,"mca_3_p_h2o",10,"p","h2o",40332.8461425584,"mz_382.14","M2"
442.1,844,"mca_1_l_d2o",5,"l","d2o",24154597.4793955,"mz_440.15","M2"
442.1,844,"mca_1_l_h2o",5,"l","h2o",17908738.7499031,"mz_440.15","M2"
442.1,844,"mca_1_p_d2o",5,"p","d2o",161351.625054399,"mz_440.15","M2"
442.1,844,"mca_1_p_h2o",5,"p","h2o",2899822.2029763,"mz_440.15","M2"
442.1,844,"mca_12_l_d2o",0,"l","d2o",31122547.0838677,"mz_440.15","M2"
442.1,844,"mca_12_l_h2o",0,"l","h2o",36648083.1070609,"mz_440.15","M2"
442.1,844,"mca_12_p_d2o",0,"p","d2o",9767295.60097784,"mz_440.15","M2"
442.1,844,"mca_12_p_h2o",0,"p","h2o",2864705.05560411,"mz_440.15","M2"
442.1,844,"mca_13_l_d2o",15,"l","d2o",23454441.7086611,"mz_440.15","M2"
442.1,844,"mca_13_l_h2o",15,"l","h2o",19689279.7928628,"mz_440.15","M2"
442.1,844,"mca_13_p_d2o",15,"p","d2o",483783.989995486,"mz_440.15","M2"
442.1,844,"mca_13_p_h2o",15,"p","h2o",19700069.9661536,"mz_440.15","M2"
442.1,844,"mca_3_l_d2o",10,"l","d2o",4495324.30602764,"mz_440.15","M2"
442.1,844,"mca_3_l_h2o",10,"l","h2o",2998710.78808167,"mz_440.15","M2"
442.1,844,"mca_3_p_d2o",10,"p","d2o",10945.1059706005,"mz_440.15","M2"
442.1,844,"mca_3_p_h2o",10,"p","h2o",25870.3146706749,"mz_440.15","M2"
401.1,316,"mca_1_l_d2o",5,"l","d2o",18560923.2841527,"acutumine","M3"
401.1,316,"mca_1_l_h2o",5,"l","h2o",15405291.3427735,"acutumine","M3"
401.1,316,"mca_1_p_d2o",5,"p","d2o",1763521.6767915,"acutumine","M3"
401.1,316,"mca_1_p_h2o",5,"p","h2o",5451016.69351822,"acutumine","M3"
401.1,316,"mca_12_l_d2o",0,"l","d2o",9685870.90972226,"acutumine","M3"
401.1,316,"mca_12_l_h2o",0,"l","h2o",9033100.55320175,"acutumine","M3"
401.1,316,"mca_12_p_d2o",0,"p","d2o",13879222.0596976,"acutumine","M3"
401.1,316,"mca_12_p_h2o",0,"p","h2o",10134766.1799717,"acutumine","M3"
401.1,316,"mca_13_l_d2o",15,"l","d2o",17261007.3056912,"acutumine","M3"
401.1,316,"mca_13_l_h2o",15,"l","h2o",11066059.3276266,"acutumine","M3"
401.1,316,"mca_13_p_d2o",15,"p","d2o",591329.059222019,"acutumine","M3"
401.1,316,"mca_13_p_h2o",15,"p","h2o",22768325.4130186,"acutumine","M3"
401.1,316,"mca_3_l_d2o",10,"l","d2o",9291655.5316843,"acutumine","M3"
401.1,316,"mca_3_l_h2o",10,"l","h2o",6946593.37186633,"acutumine","M3"
401.1,316,"mca_3_p_d2o",10,"p","d2o",720700.901997069,"acutumine","M3"
401.1,316,"mca_3_p_h2o",10,"p","h2o",73878.5812145115,"acutumine","M3"
387.1,225,"mca_1_l_d2o",5,"l","d2o",3402328.75104948,"acutumidine","M3"
387.1,225,"mca_1_l_h2o",5,"l","h2o",2562473.79054761,"acutumidine","M3"
387.1,225,"mca_1_p_d2o",5,"p","d2o",185003.474387474,"acutumidine","M3"
387.1,225,"mca_1_p_h2o",5,"p","h2o",4270485.02734377,"acutumidine","M3"
387.1,225,"mca_12_l_d2o",0,"l","d2o",104468.927927276,"acutumidine","M3"
387.1,225,"mca_12_l_h2o",0,"l","h2o",103431.391372133,"acutumidine","M3"
387.1,225,"mca_12_p_d2o",0,"p","d2o",242907.658153345,"acutumidine","M3"
387.1,225,"mca_12_p_h2o",0,"p","h2o",423775.369971541,"acutumidine","M3"
387.1,225,"mca_13_l_d2o",15,"l","d2o",2744575.21243196,"acutumidine","M3"
387.1,225,"mca_13_l_h2o",15,"l","h2o",2000215.95616544,"acutumidine","M3"
387.1,225,"mca_13_p_d2o",15,"p","d2o",59585.7057528232,"acutumidine","M3"
387.1,225,"mca_13_p_h2o",15,"p","h2o",4040155.76923075,"acutumidine","M3"
387.1,225,"mca_3_l_d2o",10,"l","d2o",1422318.04914684,"acutumidine","M3"
387.1,225,"mca_3_l_h2o",10,"l","h2o",1606870.04461689,"acutumidine","M3"
387.1,225,"mca_3_p_d2o",10,"p","d2o",9202.45509113086,"acutumidine","M3"
387.1,225,"mca_3_p_h2o",10,"p","h2o",16776.8242844005,"acutumidine","M3"
385.1,540,"mca_1_l_d2o",5,"l","d2o",1396897.63989472,"mz_382.14","M3"
385.1,540,"mca_1_l_h2o",5,"l","h2o",806340.038583915,"mz_382.14","M3"
385.1,540,"mca_1_p_d2o",5,"p","d2o",59063.1289445689,"mz_382.14","M3"
385.1,540,"mca_1_p_h2o",5,"p","h2o",465699.597938629,"mz_382.14","M3"
385.1,540,"mca_12_l_d2o",0,"l","d2o",3238526.18830606,"mz_382.14","M3"
385.1,540,"mca_12_l_h2o",0,"l","h2o",2534865.99297041,"mz_382.14","M3"
385.1,540,"mca_12_p_d2o",0,"p","d2o",1550340.61889845,"mz_382.14","M3"
385.1,540,"mca_12_p_h2o",0,"p","h2o",440556.483815492,"mz_382.14","M3"
385.1,540,"mca_13_l_d2o",15,"l","d2o",7044427.38267308,"mz_382.14","M3"
385.1,540,"mca_13_l_h2o",15,"l","h2o",4138092.27307994,"mz_382.14","M3"
385.1,540,"mca_13_p_d2o",15,"p","d2o",156129.619400412,"mz_382.14","M3"
385.1,540,"mca_13_p_h2o",15,"p","h2o",5576058.2505663,"mz_382.14","M3"
385.1,540,"mca_3_l_d2o",10,"l","d2o",2137130.82350337,"mz_382.14","M3"
385.1,540,"mca_3_l_h2o",10,"l","h2o",502719.295501551,"mz_382.14","M3"
385.1,540,"mca_3_p_d2o",10,"p","d2o",35987.3114844491,"mz_382.14","M3"
385.1,540,"mca_3_p_h2o",10,"p","h2o",10452.1042284353,"mz_382.14","M3"
443.1,845,"mca_1_l_d2o",5,"l","d2o",6679297.71730334,"mz_440.15","M3"
443.1,845,"mca_1_l_h2o",5,"l","h2o",3845867.20371747,"mz_440.15","M3"
443.1,845,"mca_1_p_d2o",5,"p","d2o",84639.711473056,"mz_440.15","M3"
443.1,845,"mca_1_p_h2o",5,"p","h2o",627373.894650795,"mz_440.15","M3"
443.1,845,"mca_12_l_d2o",0,"l","d2o",6747211.88601766,"mz_440.15","M3"
443.1,845,"mca_12_l_h2o",0,"l","h2o",7917486.94704366,"mz_440.15","M3"
443.1,845,"mca_12_p_d2o",0,"p","d2o",2145705.00339265,"mz_440.15","M3"
443.1,845,"mca_12_p_h2o",0,"p","h2o",654895.212518814,"mz_440.15","M3"
443.1,845,"mca_13_l_d2o",15,"l","d2o",7618451.04357552,"mz_440.15","M3"
443.1,845,"mca_13_l_h2o",15,"l","h2o",4441691.30319327,"mz_440.15","M3"
443.1,845,"mca_13_p_d2o",15,"p","d2o",116161.081269482,"mz_440.15","M3"
443.1,845,"mca_13_p_h2o",15,"p","h2o",4516351.76769227,"mz_440.15","M3"
443.1,845,"mca_3_l_d2o",10,"l","d2o",1126353.69062832,"mz_440.15","M3"
443.1,845,"mca_3_l_h2o",10,"l","h2o",662676.258694363,"mz_440.15","M3"
443.1,845,"mca_3_p_d2o",10,"p","d2o",2914.5565383648,"mz_440.15","M3"
443.1,845,"mca_3_p_h2o",10,"p","h2o",8272.54167853464,"mz_440.15","M3"
402.1,315,"mca_1_l_d2o",5,"l","d2o",2950561.82200207,"acutumine","M4"
402.1,315,"mca_1_l_h2o",5,"l","h2o",2334517.33742007,"acutumine","M4"
402.1,315,"mca_1_p_d2o",5,"p","d2o",329409.296618234,"acutumine","M4"
402.1,315,"mca_1_p_h2o",5,"p","h2o",841600.49179445,"acutumine","M4"
402.1,315,"mca_12_l_d2o",0,"l","d2o",1539473.74133345,"acutumine","M4"
402.1,315,"mca_12_l_h2o",0,"l","h2o",1454584.76543693,"acutumine","M4"
402.1,315,"mca_12_p_d2o",0,"p","d2o",2177362.34014096,"acutumine","M4"
402.1,315,"mca_12_p_h2o",0,"p","h2o",1671541.28074277,"acutumine","M4"
402.1,315,"mca_13_l_d2o",15,"l","d2o",3448463.1029071,"acutumine","M4"
402.1,315,"mca_13_l_h2o",15,"l","h2o",1684043.04920731,"acutumine","M4"
402.1,315,"mca_13_p_d2o",15,"p","d2o",90881.0875807694,"acutumine","M4"
402.1,315,"mca_13_p_h2o",15,"p","h2o",3500527.17089233,"acutumine","M4"
402.1,315,"mca_3_l_d2o",10,"l","d2o",1481655.74501147,"acutumine","M4"
402.1,315,"mca_3_l_h2o",10,"l","h2o",1063144.63653123,"acutumine","M4"
402.1,315,"mca_3_p_d2o",10,"p","d2o",146488.211017042,"acutumine","M4"
402.1,315,"mca_3_p_h2o",10,"p","h2o",18351.7645586515,"acutumine","M4"
388.1,226,"mca_1_l_d2o",5,"l","d2o",589415.803914525,"acutumidine","M4"
388.1,226,"mca_1_l_h2o",5,"l","h2o",414091.235096289,"acutumidine","M4"
388.1,226,"mca_1_p_d2o",5,"p","d2o",44403.2175970583,"acutumidine","M4"
388.1,226,"mca_1_p_h2o",5,"p","h2o",651133.156491201,"acutumidine","M4"
388.1,226,"mca_12_l_d2o",0,"l","d2o",7069.68484164785,"acutumidine","M4"
388.1,226,"mca_12_l_h2o",0,"l","h2o",6697.61846961023,"acutumidine","M4"
388.1,226,"mca_12_p_d2o",0,"p","d2o",4916.55974770571,"acutumidine","M4"
388.1,226,"mca_12_p_h2o",0,"p","h2o",33555.339214913,"acutumidine","M4"
388.1,226,"mca_13_l_d2o",15,"l","d2o",456064.291793527,"acutumidine","M4"
388.1,226,"mca_13_l_h2o",15,"l","h2o",312079.962524143,"acutumidine","M4"
388.1,226,"mca_13_p_d2o",15,"p","d2o",11050.6418568148,"acutumidine","M4"
388.1,226,"mca_13_p_h2o",15,"p","h2o",612649.876769495,"acutumidine","M4"
388.1,226,"mca_3_l_d2o",10,"l","d2o",239363.782269021,"acutumidine","M4"
388.1,226,"mca_3_l_h2o",10,"l","h2o",265215.399479921,"acutumidine","M4"
388.1,226,"mca_3_p_d2o",10,"p","d2o",8360.64585046812,"acutumidine","M4"
388.1,226,"mca_3_p_h2o",10,"p","h2o",10989.0127344801,"acutumidine","M4"
444.1,845,"mca_1_l_d2o",5,"l","d2o",1395372.69604468,"mz_440.15","M4"
444.1,845,"mca_1_l_h2o",5,"l","h2o",674726.129659268,"mz_440.15","M4"
444.1,845,"mca_1_p_d2o",5,"p","d2o",28738.4513691159,"mz_440.15","M4"
444.1,845,"mca_1_p_h2o",5,"p","h2o",114526.931092808,"mz_440.15","M4"
444.1,845,"mca_12_l_d2o",0,"l","d2o",1148282.04716714,"mz_440.15","M4"
444.1,845,"mca_12_l_h2o",0,"l","h2o",1345727.23960427,"mz_440.15","M4"
444.1,845,"mca_12_p_d2o",0,"p","d2o",375608.640955282,"mz_440.15","M4"
444.1,845,"mca_12_p_h2o",0,"p","h2o",104918.355852732,"mz_440.15","M4"
444.1,845,"mca_13_l_d2o",15,"l","d2o",1918001.82971983,"mz_440.15","M4"
444.1,845,"mca_13_l_h2o",15,"l","h2o",753983.236462018,"mz_440.15","M4"
444.1,845,"mca_13_p_d2o",15,"p","d2o",9487.22508316169,"mz_440.15","M4"
444.1,845,"mca_13_p_h2o",15,"p","h2o",753467.022187493,"mz_440.15","M4"
444.1,845,"mca_3_l_d2o",10,"l","d2o",225230.699986578,"mz_440.15","M4"
444.1,845,"mca_3_l_h2o",10,"l","h2o",135100.766857962,"mz_440.15","M4"
444.1,845,"mca_3_p_d2o",10,"p","d2o",4848.31023870977,"mz_440.15","M4"
444.1,845,"mca_3_p_h2o",10,"p","h2o",2688.51436045155,"mz_440.15","M4"
403.1,316,"mca_1_l_d2o",5,"l","d2o",497260.042944348,"acutumine","M5"
403.1,316,"mca_1_l_h2o",5,"l","h2o",384163.548675045,"acutumine","M5"
403.1,316,"mca_1_p_d2o",5,"p","d2o",100538.99547919,"acutumine","M5"
403.1,316,"mca_1_p_h2o",5,"p","h2o",139895.155339161,"acutumine","M5"
403.1,316,"mca_12_l_d2o",0,"l","d2o",278548.283573858,"acutumine","M5"
403.1,316,"mca_12_l_h2o",0,"l","h2o",253053.628872682,"acutumine","M5"
403.1,316,"mca_12_p_d2o",0,"p","d2o",358390.92130578,"acutumine","M5"
403.1,316,"mca_12_p_h2o",0,"p","h2o",276439.822256744,"acutumine","M5"
403.1,316,"mca_13_l_d2o",15,"l","d2o",770360.525856423,"acutumine","M5"
403.1,316,"mca_13_l_h2o",15,"l","h2o",273190.722320636,"acutumine","M5"
403.1,316,"mca_13_p_d2o",15,"p","d2o",18600.9510749566,"acutumine","M5"
403.1,316,"mca_13_p_h2o",15,"p","h2o",568815.31776419,"acutumine","M5"
403.1,316,"mca_3_l_d2o",10,"l","d2o",248258.620017452,"acutumine","M5"
403.1,316,"mca_3_l_h2o",10,"l","h2o",166568.110330355,"acutumine","M5"
403.1,316,"mca_3_p_d2o",10,"p","d2o",25838.1327901003,"acutumine","M5"
403.1,316,"mca_3_p_h2o",10,"p","h2o",74335.3154155244,"acutumine","M5"
